article_id,from_user_raw_id,nusers,ntweets,gini,tweet_raw_id,in_reply_to_screen_name,from_screen_name,n_of_reply
1012888,764244624361652224,68,639,0.8798444260333241,845451548213727232,chrislhayes,rrruhoh,554
1012888,764244624361652224,68,639,0.8798444260333241,845730983064231936,bobann,rrruhoh,554
1012888,764244624361652224,68,639,0.8798444260333241,844369472706162692,ThereseOSulliv2,DcORSEginocchio,554
1012888,764244624361652224,68,639,0.8798444260333241,844398100567478273,StacyOnTheRight,DcORSEginocchio,554
1012888,764244624361652224,68,639,0.8798444260333241,844795972668420098,PrisonPlanet,rrruhoh,554
1012888,764244624361652224,68,639,0.8798444260333241,844350801157894144,FoxNews,DcORSEginocchio,554
1012888,764244624361652224,68,639,0.8798444260333241,845545014000214024,PrisonPlanet,rrruhoh,554
1012888,764244624361652224,68,639,0.8798444260333241,844061894168141824,d_seaman,DcORSEginocchio,554
1012888,764244624361652224,68,639,0.8798444260333241,844767671442821120,FrancisJeffrey7,rrruhoh,554
1012888,764244624361652224,68,639,0.8798444260333241,844790616227692545,DavidRutz,rrruhoh,554
1012888,764244624361652224,68,639,0.8798444260333241,845732187240476673,kidlamy,rrruhoh,554
1012888,764244624361652224,68,639,0.8798444260333241,844030671639142401,seanhannity,DcORSEginocchio,554
1012888,764244624361652224,68,639,0.8798444260333241,844683086885412864,PressSec,DcORSEginocchio,554
1012888,764244624361652224,68,639,0.8798444260333241,845413071082315777,nia4_trump,rrruhoh,554
1012888,764244624361652224,68,639,0.8798444260333241,844749318527463424,PrisonPlanet,rrruhoh,554
1012888,764244624361652224,68,639,0.8798444260333241,844371017246031872,ScottAdamsSays,DcORSEginocchio,554
1012888,764244624361652224,68,639,0.8798444260333241,844685444864401408,Cameron_Gray,DcORSEginocchio,554
1012888,764244624361652224,68,639,0.8798444260333241,844750591691669506,V_of_Europe,rrruhoh,554
1012888,764244624361652224,68,639,0.8798444260333241,844683760729665537,thehill,DcORSEginocchio,554
1012888,764244624361652224,68,639,0.8798444260333241,844779780465577985,SheriffClarke,rrruhoh,554
1012888,764244624361652224,68,639,0.8798444260333241,844079863791206400,_Makada_,DcORSEginocchio,554
1012888,764244624361652224,68,639,0.8798444260333241,844371155246956545,WayneDupreeShow,DcORSEginocchio,554
1012888,764244624361652224,68,639,0.8798444260333241,844809542043025408,KORANISBURNING,rrruhoh,554
1012888,764244624361652224,68,639,0.8798444260333241,845731708095774720,jkloc420,rrruhoh,554
1012888,764244624361652224,68,639,0.8798444260333241,844631829965488128,Karoli,DcORSEginocchio,554
1012888,764244624361652224,68,639,0.8798444260333241,844729998846013441,RealJamesWoods,rrruhoh,554
1012888,764244624361652224,68,639,0.8798444260333241,845731361507835904,latinaafortrump,rrruhoh,554
1012888,764244624361652224,68,639,0.8798444260333241,844684645404819456,TrumpSuperPAC,DcORSEginocchio,554
1012888,764244624361652224,68,639,0.8798444260333241,844731229157044226,BrittPettibone,rrruhoh,554
1012888,764244624361652224,68,639,0.8798444260333241,844798727273377793,JoeFreedomLove,rrruhoh,554
1012888,764244624361652224,68,639,0.8798444260333241,844757177948499969,ConstanceQueen8,rrruhoh,554
1012888,764244624361652224,68,639,0.8798444260333241,844803249873965056,RitaPanahi,rrruhoh,554
1012888,764244624361652224,68,639,0.8798444260333241,844304406443057152,SheriffClarke,DcORSEginocchio,554
1012888,764244624361652224,68,639,0.8798444260333241,844397917599338497,PrisonPlanet,DcORSEginocchio,554
1012888,764244624361652224,68,639,0.8798444260333241,845098200335769602,bfraser747,rrruhoh,554
1012888,764244624361652224,68,639,0.8798444260333241,844741483286605824,FiveRights,rrruhoh,554
1012888,764244624361652224,68,639,0.8798444260333241,845737267406651392,VP,rrruhoh,554
1012888,764244624361652224,68,639,0.8798444260333241,843254868303269888,TEN_GOP,DcORSEginocchio,554
1012888,764244624361652224,68,639,0.8798444260333241,844726343057104896,mitchellvii,rrruhoh,554
1012888,764244624361652224,68,639,0.8798444260333241,845737993478418432,White_Resin,rrruhoh,554
1012888,764244624361652224,68,639,0.8798444260333241,845734644704149505,realLucasLaw,rrruhoh,554
1012888,764244624361652224,68,639,0.8798444260333241,845731611832332288,PressGop,rrruhoh,554
1012888,764244624361652224,68,639,0.8798444260333241,845025818048815104,Impeach_D_Trump,rrruhoh,554
1012888,764244624361652224,68,639,0.8798444260333241,845030898399567873,DineshDSouza,rrruhoh,554
1012888,764244624361652224,68,639,0.8798444260333241,844307603870040064,charliekirk11,DcORSEginocchio,554
1012888,764244624361652224,68,639,0.8798444260333241,845054301403676673,KurtSchlichter,rrruhoh,554
1012888,764244624361652224,68,639,0.8798444260333241,844347726158487554,SheriffClarke,DcORSEginocchio,554
1012888,764244624361652224,68,639,0.8798444260333241,844770142181482496,asamjulian,rrruhoh,554
1012888,764244624361652224,68,639,0.8798444260333241,845739528094593024,JackPosobiec,rrruhoh,554
1012888,764244624361652224,68,639,0.8798444260333241,845018130967519232,BraddJaffy,rrruhoh,554
1012888,764244624361652224,68,639,0.8798444260333241,843980708657823744,SpecialKMB1969,DcORSEginocchio,554
1012888,764244624361652224,68,639,0.8798444260333241,844397667228766214,PrisonPlanet,DcORSEginocchio,554
1012888,764244624361652224,68,639,0.8798444260333241,845736311847714816,GoldsteinStreet,rrruhoh,554
1012888,764244624361652224,68,639,0.8798444260333241,844305600129335296,Lrihendry,DcORSEginocchio,554
1012888,764244624361652224,68,639,0.8798444260333241,844675565642661888,mitchellvii,DcORSEginocchio,554
1012888,764244624361652224,68,639,0.8798444260333241,844397610911891458,WayneDupreeShow,DcORSEginocchio,554
1012888,764244624361652224,68,639,0.8798444260333241,843582753727688704,FoxNews,DcORSEginocchio,554
1012888,764244624361652224,68,639,0.8798444260333241,845742291650170880,foodsnob3437,rrruhoh,554
1012888,764244624361652224,68,639,0.8798444260333241,844061030946750465,POTUS,DcORSEginocchio,554
1012888,764244624361652224,68,639,0.8798444260333241,844397778910502912,PrisonPlanet,DcORSEginocchio,554
1012888,764244624361652224,68,639,0.8798444260333241,845737635029004288,BayAreaCT,rrruhoh,554
1012888,764244624361652224,68,639,0.8798444260333241,845413201973981184,RealJeremyNolt,rrruhoh,554
1012888,764244624361652224,68,639,0.8798444260333241,844749809751801857,DBloom451,rrruhoh,554
1012888,764244624361652224,68,639,0.8798444260333241,843328716813942785,mattmfm,DcORSEginocchio,554
1012888,764244624361652224,68,639,0.8798444260333241,844790958579302400,Patriot_Drew,rrruhoh,554
1012888,764244624361652224,68,639,0.8798444260333241,844685585411260416,MightyBusterBro,DcORSEginocchio,554
1012888,764244624361652224,68,639,0.8798444260333241,844803191728324610,CNN,rrruhoh,554
1012888,764244624361652224,68,639,0.8798444260333241,845734853597323264,PaulDom92,rrruhoh,554
1012888,764244624361652224,68,639,0.8798444260333241,843979182979788803,TGowdySC,DcORSEginocchio,554
1012888,764244624361652224,68,639,0.8798444260333241,843264077623312385,FoxNews,DcORSEginocchio,554
1012888,764244624361652224,68,639,0.8798444260333241,845437608456929280,NancyPelosi,rrruhoh,554
1012888,764244624361652224,68,639,0.8798444260333241,845090425861910529,MissLizzyNJ,rrruhoh,554
1012888,764244624361652224,68,639,0.8798444260333241,844021789676077056,KamVTV,DcORSEginocchio,554
1012888,764244624361652224,68,639,0.8798444260333241,845090042590576642,SouthLoneStar,rrruhoh,554
1012888,764244624361652224,68,639,0.8798444260333241,845026264331108352,LouDobbs,rrruhoh,554
1012888,764244624361652224,68,639,0.8798444260333241,845097747044716544,Marc_Smash,rrruhoh,554
1012888,764244624361652224,68,639,0.8798444260333241,845545154777796608,realDonaldTrump,rrruhoh,554
1012888,764244624361652224,68,639,0.8798444260333241,844810456720072706,AnnCoulter,rrruhoh,554
1012888,764244624361652224,68,639,0.8798444260333241,843635445443383296,HAGOODMANAUTHOR,DcORSEginocchio,554
1012888,764244624361652224,68,639,0.8798444260333241,844393090098061312,foxandfriends,DcORSEginocchio,554
1012888,764244624361652224,68,639,0.8798444260333241,844679508644933632,cspan,DcORSEginocchio,554
1012888,764244624361652224,68,639,0.8798444260333241,844685101451522048,thehill,DcORSEginocchio,554
1012888,764244624361652224,68,639,0.8798444260333241,844803036895600645,FoxNews,rrruhoh,554
1012888,764244624361652224,68,639,0.8798444260333241,843626829042786304,FoxNews,DcORSEginocchio,554
1012888,764244624361652224,68,639,0.8798444260333241,845454629554962433,chrislhayes,rrruhoh,554
1012888,764244624361652224,68,639,0.8798444260333241,844801956614828034,MikeHimsworth,rrruhoh,554
1012888,764244624361652224,68,639,0.8798444260333241,844396628828176384,rescuetracker81,DcORSEginocchio,554
1012888,764244624361652224,68,639,0.8798444260333241,844779620943650819,TheSafestSpace,rrruhoh,554
1012888,764244624361652224,68,639,0.8798444260333241,845389372996300801,MissLizzyNJ,rrruhoh,554
1012888,764244624361652224,68,639,0.8798444260333241,845034765287772161,charliekirk11,rrruhoh,554
1012888,764244624361652224,68,639,0.8798444260333241,844794299027927041,HAGOODMANAUTHOR,rrruhoh,554
1012888,764244624361652224,68,639,0.8798444260333241,845732232689954817,georgeszabo777,rrruhoh,554
1012888,764244624361652224,68,639,0.8798444260333241,843259990999625728,LouiseMensch,DcORSEginocchio,554
1012888,764244624361652224,68,639,0.8798444260333241,844725213182930944,RogerJStoneJr,rrruhoh,554
1012888,764244624361652224,68,639,0.8798444260333241,844683683961327620,thehill,DcORSEginocchio,554
1012888,764244624361652224,68,639,0.8798444260333241,844339833895972866,therealroseanne,DcORSEginocchio,554
1012888,764244624361652224,68,639,0.8798444260333241,845163859845439488,seanhannity,rrruhoh,554
1012888,764244624361652224,68,639,0.8798444260333241,845041410835304449,MarkDice,rrruhoh,554
1012888,764244624361652224,68,639,0.8798444260333241,845414777576800256,mitchellvii,rrruhoh,554
1012888,764244624361652224,68,639,0.8798444260333241,845544779081441281,FoxNews,rrruhoh,554
1012888,764244624361652224,68,639,0.8798444260333241,843329118150184960,LouiseMensch,DcORSEginocchio,554
1012888,764244624361652224,68,639,0.8798444260333241,844007523124355073,HurdOnTheHill,DcORSEginocchio,554
1012888,764244624361652224,68,639,0.8798444260333241,843259452702638080,FoxNews,DcORSEginocchio,554
1012888,764244624361652224,68,639,0.8798444260333241,845090185377280001,KamVTV,rrruhoh,554
1012888,764244624361652224,68,639,0.8798444260333241,844345670609788928,BreitbartNews,DcORSEginocchio,554
1012888,764244624361652224,68,639,0.8798444260333241,844367609944408064,ThomasBernpaine,DcORSEginocchio,554
1012888,764244624361652224,68,639,0.8798444260333241,844724458388570112,DoRtChristians,rrruhoh,554
1012888,764244624361652224,68,639,0.8798444260333241,845739225932705792,RichardsNewsTV,rrruhoh,554
1012888,764244624361652224,68,639,0.8798444260333241,844757699824775175,HAGOODMANAUTHOR,rrruhoh,554
1012888,764244624361652224,68,639,0.8798444260333241,844736766657515521,StevenTDennis,rrruhoh,554
1012888,764244624361652224,68,639,0.8798444260333241,845051510991929345,bocavista2016,rrruhoh,554
1012888,764244624361652224,68,639,0.8798444260333241,844693465006915584,TuckerCarlson,rrruhoh,554
1012888,764244624361652224,68,639,0.8798444260333241,844058373146345472,RealJamesWoods,DcORSEginocchio,554
1012888,764244624361652224,68,639,0.8798444260333241,844802991399956480,FoxNews,rrruhoh,554
1012888,764244624361652224,68,639,0.8798444260333241,845734900649017344,Txguy08,rrruhoh,554
1012888,764244624361652224,68,639,0.8798444260333241,844989126160003072,mtaibbi,rrruhoh,554
1012888,764244624361652224,68,639,0.8798444260333241,845389634544709632,FoxNews,rrruhoh,554
1012888,764244624361652224,68,639,0.8798444260333241,844057489544900608,SheriffClarke,DcORSEginocchio,554
1012888,764244624361652224,68,639,0.8798444260333241,844804100604669952,Nigel_Farage,rrruhoh,554
1012888,764244624361652224,68,639,0.8798444260333241,845730564841791492,mememayo96,rrruhoh,554
1012888,764244624361652224,68,639,0.8798444260333241,844677259239706624,HAGOODMANAUTHOR,DcORSEginocchio,554
1012888,764244624361652224,68,639,0.8798444260333241,844802108930994176,AlwaysActions,rrruhoh,554
1012888,764244624361652224,68,639,0.8798444260333241,844368966021668864,stranahan,DcORSEginocchio,554
1012888,764244624361652224,68,639,0.8798444260333241,844388632722980864,SenWarren,DcORSEginocchio,554
1012888,764244624361652224,68,639,0.8798444260333241,844397390434091008,DrMartyFox,DcORSEginocchio,554
1012888,764244624361652224,68,639,0.8798444260333241,845108313050165248,WeSupport45,rrruhoh,554
1012888,764244624361652224,68,639,0.8798444260333241,845544655835967489,StacyOnTheRight,rrruhoh,554
1012888,764244624361652224,68,639,0.8798444260333241,844765183809536000,infowars,rrruhoh,554
1012888,764244624361652224,68,639,0.8798444260333241,844735703309176832,CNN,rrruhoh,554
1012888,764244624361652224,68,639,0.8798444260333241,845748884534018048,tmhol,rrruhoh,554
1012888,764244624361652224,68,639,0.8798444260333241,845389233166532608,mflynnJR,rrruhoh,554
1012888,764244624361652224,68,639,0.8798444260333241,845731179164721152,immigrant_legal,rrruhoh,554
1012888,764244624361652224,68,639,0.8798444260333241,844368438667591682,VP,DcORSEginocchio,554
1012888,764244624361652224,68,639,0.8798444260333241,844624996680982528,ShaunKing,DcORSEginocchio,554
1012888,764244624361652224,68,639,0.8798444260333241,843583151209291776,FoxNews,DcORSEginocchio,554
1012888,764244624361652224,68,639,0.8798444260333241,845415338338508800,kiarafrobles,rrruhoh,554
1012888,764244624361652224,68,639,0.8798444260333241,845398046548504577,mitchellvii,rrruhoh,554
1012888,764244624361652224,68,639,0.8798444260333241,844645245874688000,thehill,DcORSEginocchio,554
1012888,764244624361652224,68,639,0.8798444260333241,844688566487691265,wikileaks,rrruhoh,554
1012888,764244624361652224,68,639,0.8798444260333241,844358064459333632,MarkDice,DcORSEginocchio,554
1012888,764244624361652224,68,639,0.8798444260333241,843328096640020480,anconl16,DcORSEginocchio,554
1012888,764244624361652224,68,639,0.8798444260333241,844800885804847104,TeaPartyOrg,rrruhoh,554
1012888,764244624361652224,68,639,0.8798444260333241,844809283619307520,Cali_Deplorable,rrruhoh,554
1012888,764244624361652224,68,639,0.8798444260333241,845730923668660224,garbo_speaks,rrruhoh,554
1012888,764244624361652224,68,639,0.8798444260333241,844809200802840576,MollyCocktail,rrruhoh,554
1012888,764244624361652224,68,639,0.8798444260333241,845027533393313792,Communism_Kills,rrruhoh,554
1012888,764244624361652224,68,639,0.8798444260333241,845085294437187584,williamlegate,rrruhoh,554
1012888,764244624361652224,68,639,0.8798444260333241,844681983519186944,wikileaks,DcORSEginocchio,554
1012888,764244624361652224,68,639,0.8798444260333241,845053447044939776,idawhannadoyou,rrruhoh,554
1012888,764244624361652224,68,639,0.8798444260333241,845736004141047808,hectorarzula,rrruhoh,554
1012888,764244624361652224,68,639,0.8798444260333241,844724757635330048,latinaafortrump,rrruhoh,554
1012888,764244624361652224,68,639,0.8798444260333241,844693556497334273,FoxNews,rrruhoh,554
1012888,764244624361652224,68,639,0.8798444260333241,845048860196032513,tracybeanz,rrruhoh,554
1012888,764244624361652224,68,639,0.8798444260333241,844803595627216896,seanhannity,rrruhoh,554
1012888,764244624361652224,68,639,0.8798444260333241,844728802945097728,TuckerCarlson,rrruhoh,554
1012888,764244624361652224,68,639,0.8798444260333241,844795921183363072,PrisonPlanet,rrruhoh,554
1012888,764244624361652224,68,639,0.8798444260333241,844802623714709508,KORANISBURNING,rrruhoh,554
1012888,764244624361652224,68,639,0.8798444260333241,844755236560367616,MikePenceVP,rrruhoh,554
1012888,764244624361652224,68,639,0.8798444260333241,844729649762492416,PrisonPlanet,rrruhoh,554
1012888,764244624361652224,68,639,0.8798444260333241,844798768524374016,ChristiChat,rrruhoh,554
1012888,764244624361652224,68,639,0.8798444260333241,844800955962945536,DineshDSouza,rrruhoh,554
1012888,764244624361652224,68,639,0.8798444260333241,844321015308046336,redsteeze,DcORSEginocchio,554
1012888,764244624361652224,68,639,0.8798444260333241,844800069832355840,RealJack,rrruhoh,554
1012888,764244624361652224,68,639,0.8798444260333241,845737734547263488,mikewright1997,rrruhoh,554
1012888,764244624361652224,68,639,0.8798444260333241,844397832366895104,MarkAmesExiled,DcORSEginocchio,554
1012888,764244624361652224,68,639,0.8798444260333241,844073474385571840,marklevinshow,DcORSEginocchio,554
1012888,764244624361652224,68,639,0.8798444260333241,845090534976716800,trump2016fan,rrruhoh,554
1012888,764244624361652224,68,639,0.8798444260333241,844753751613173760,DonaldJTrumpJr,rrruhoh,554
1012888,764244624361652224,68,639,0.8798444260333241,844803972867145728,larryelder,rrruhoh,554
1012888,764244624361652224,68,639,0.8798444260333241,844753262985199618,MuckRock,rrruhoh,554
1012888,764244624361652224,68,639,0.8798444260333241,843582174800494592,wikileaks,DcORSEginocchio,554
1012888,764244624361652224,68,639,0.8798444260333241,845464874641584129,Pamela_Moore13,rrruhoh,554
1012888,764244624361652224,68,639,0.8798444260333241,844791023641346053,JackPosobiec,rrruhoh,554
1012888,764244624361652224,68,639,0.8798444260333241,844031051039039488,seanhannity,DcORSEginocchio,554
1012888,764244624361652224,68,639,0.8798444260333241,844802857119338496,AmyMek,rrruhoh,554
1012888,764244624361652224,68,639,0.8798444260333241,844801021926817792,RealJamesWoods,rrruhoh,554
1012888,764244624361652224,68,639,0.8798444260333241,844800791823077377,JoeFreedomLove,rrruhoh,554
1012888,764244624361652224,68,639,0.8798444260333241,844077614729904128,RealJamesWoods,DcORSEginocchio,554
1012888,764244624361652224,68,639,0.8798444260333241,844020354263613441,POTUS,DcORSEginocchio,554
1012888,764244624361652224,68,639,0.8798444260333241,843331192606801920,rvagg,DcORSEginocchio,554
1012888,764244624361652224,68,639,0.8798444260333241,844359439788367873,MarkDice,DcORSEginocchio,554
1012888,764244624361652224,68,639,0.8798444260333241,844686497525579776,mitchellvii,DcORSEginocchio,554
1012888,764244624361652224,68,639,0.8798444260333241,845738261649620994,benbrazilpilot,rrruhoh,554
1012888,764244624361652224,68,639,0.8798444260333241,844989562803830784,mtaibbi,rrruhoh,554
1012888,764244624361652224,68,639,0.8798444260333241,844338169684242432,mitchellvii,DcORSEginocchio,554
1012888,764244624361652224,68,639,0.8798444260333241,844750418626306048,DonaldJTrumpJr,rrruhoh,554
1012888,764244624361652224,68,639,0.8798444260333241,844305358126432256,POTUS,DcORSEginocchio,554
1012888,764244624361652224,68,639,0.8798444260333241,844692876625793024,seanhannity,rrruhoh,554
1012888,764244624361652224,68,639,0.8798444260333241,845739670088511488,Garygaryaug,rrruhoh,554
1012888,764244624361652224,68,639,0.8798444260333241,845734548411330564,trumppride1,rrruhoh,554
1012888,764244624361652224,68,639,0.8798444260333241,844753069971689472,DrGABaines,rrruhoh,554
1012888,764244624361652224,68,639,0.8798444260333241,845090234916253696,MissLizzyNJ,rrruhoh,554
1012888,764244624361652224,68,639,0.8798444260333241,845737580700192768,PGAngela4,rrruhoh,554
1012888,764244624361652224,68,639,0.8798444260333241,845057847771590656,SenKamalaHarris,rrruhoh,554
1012888,764244624361652224,68,639,0.8798444260333241,844724602244804608,LindaSuhler,rrruhoh,554
1012888,764244624361652224,68,639,0.8798444260333241,844988846613839872,mtaibbi,rrruhoh,554
1012888,764244624361652224,68,639,0.8798444260333241,845464937354838017,NewtTrump,rrruhoh,554
1012888,764244624361652224,68,639,0.8798444260333241,844810559585320960,SethAMandel,rrruhoh,554
1012888,764244624361652224,68,639,0.8798444260333241,845412926647250944,NewtTrump,rrruhoh,554
1012888,764244624361652224,68,639,0.8798444260333241,844796724178644993,Pamela_Moore13,rrruhoh,554
1012888,764244624361652224,68,639,0.8798444260333241,845734698596761600,bbdoll83,rrruhoh,554
1012888,764244624361652224,68,639,0.8798444260333241,844398051443781633,immigrant_legal,DcORSEginocchio,554
1012888,764244624361652224,68,639,0.8798444260333241,845747959933423616,TheRealWBTC,rrruhoh,554
1012888,764244624361652224,68,639,0.8798444260333241,844339105743847425,LouDobbs,DcORSEginocchio,554
1012888,764244624361652224,68,639,0.8798444260333241,845452565214998528,DiamondandSilk,rrruhoh,554
1012888,764244624361652224,68,639,0.8798444260333241,844683944536657920,RealJamesWoods,DcORSEginocchio,554
1012888,764244624361652224,68,639,0.8798444260333241,845730866244476928,marilynjeanne21,rrruhoh,554
1012888,764244624361652224,68,639,0.8798444260333241,845109027906318337,trentjohnson924,rrruhoh,554
1012888,764244624361652224,68,639,0.8798444260333241,844347219826266112,bfraser747,DcORSEginocchio,554
1012888,764244624361652224,68,639,0.8798444260333241,844803368530804736,KurtSchlichter,rrruhoh,554
1012888,764244624361652224,68,639,0.8798444260333241,844075431728893957,mitchellvii,DcORSEginocchio,554
1012888,764244624361652224,68,639,0.8798444260333241,845123061426794496,sahouraxo,rrruhoh,554
1012888,764244624361652224,68,639,0.8798444260333241,843668218354909186,truth_pray,DcORSEginocchio,554
1012888,764244624361652224,68,639,0.8798444260333241,845736916460826624,ANOMALY1,rrruhoh,554
1012888,764244624361652224,68,639,0.8798444260333241,844357417039122432,dbongino,DcORSEginocchio,554
1012888,764244624361652224,68,639,0.8798444260333241,844687008744194048,RapinBill,DcORSEginocchio,554
1012888,764244624361652224,68,639,0.8798444260333241,845108173795078145,VeteransTake,rrruhoh,554
1012888,764244624361652224,68,639,0.8798444260333241,845389882381918209,trump2016fan,rrruhoh,554
1012888,764244624361652224,68,639,0.8798444260333241,844751461330280448,realDonaldTrump,rrruhoh,554
1012888,764244624361652224,68,639,0.8798444260333241,844789705753346048,SandraTXAS,rrruhoh,554
1012888,764244624361652224,68,639,0.8798444260333241,844052266839490560,LouDobbs,DcORSEginocchio,554
1012888,764244624361652224,68,639,0.8798444260333241,844693418315935744,FoxNews,rrruhoh,554
1012888,764244624361652224,68,639,0.8798444260333241,844396872546619393,GovMikeHuckabee,DcORSEginocchio,554
1012888,764244624361652224,68,639,0.8798444260333241,845416709720715264,LouDobbs,rrruhoh,554
1012888,764244624361652224,68,639,0.8798444260333241,844693007924264960,seanhannity,rrruhoh,554
1012888,764244624361652224,68,639,0.8798444260333241,845392818889678848,YoungDems4Trump,rrruhoh,554
1012888,764244624361652224,68,639,0.8798444260333241,845731395813072896,hectorarzula,rrruhoh,554
1012888,764244624361652224,68,639,0.8798444260333241,845413403891941376,AmyMek,rrruhoh,554
1012888,764244624361652224,68,639,0.8798444260333241,845390322372788224,JackPosobiec,rrruhoh,554
1012888,764244624361652224,68,639,0.8798444260333241,844393159165652993,polNewsNetwork1,DcORSEginocchio,554
1012888,764244624361652224,68,639,0.8798444260333241,845730635218006016,cercheguec,rrruhoh,554
1012888,764244624361652224,68,639,0.8798444260333241,845397996170764288,mitchellvii,rrruhoh,554
1012888,764244624361652224,68,639,0.8798444260333241,843255018773860353,LouDobbs,DcORSEginocchio,554
1012888,764244624361652224,68,639,0.8798444260333241,845390226453258240,TEN_GOP,rrruhoh,554
1012888,764244624361652224,68,639,0.8798444260333241,844075877948256257,RonPaul,DcORSEginocchio,554
1012888,764244624361652224,68,639,0.8798444260333241,844810679257251841,Holden114,rrruhoh,554
1012888,764244624361652224,68,639,0.8798444260333241,843328387846365185,tedlieu,DcORSEginocchio,554
1012888,764244624361652224,68,639,0.8798444260333241,845042637509865472,MarkDice,rrruhoh,554
1012888,764244624361652224,68,639,0.8798444260333241,845089736154767361,KORANISBURNING,rrruhoh,554
1012888,764244624361652224,68,639,0.8798444260333241,844007976423763968,stranahan,DcORSEginocchio,554
1012888,764244624361652224,68,639,0.8798444260333241,845090019274473472,JoshNoneYaBiz,rrruhoh,554
1012888,764244624361652224,68,639,0.8798444260333241,844803705551515648,seanhannity,rrruhoh,554
1012888,764244624361652224,68,639,0.8798444260333241,845731568614191104,MarcoGutierrez,rrruhoh,554
1012888,764244624361652224,68,639,0.8798444260333241,844649875983650816,sweetatertot2,DcORSEginocchio,554
1012888,764244624361652224,68,639,0.8798444260333241,845386797450346496,PrisonPlanet,rrruhoh,554
1012888,764244624361652224,68,639,0.8798444260333241,843979371895447552,bfraser747,DcORSEginocchio,554
1012888,764244624361652224,68,639,0.8798444260333241,844664041842794496,WayneDupreeShow,DcORSEginocchio,554
1012888,764244624361652224,68,639,0.8798444260333241,845001479039569921,ScottAdamsSays,rrruhoh,554
1012888,764244624361652224,68,639,0.8798444260333241,844978079717965825,PrisonPlanet,rrruhoh,554
1012888,764244624361652224,68,639,0.8798444260333241,844368586298712064,DonaldJTrumpJr,DcORSEginocchio,554
1012888,764244624361652224,68,639,0.8798444260333241,844726371540594689,PrisonPlanet,rrruhoh,554
1012888,764244624361652224,68,639,0.8798444260333241,844321747616710656,CloydRivers,DcORSEginocchio,554
1012888,764244624361652224,68,639,0.8798444260333241,844628185308323840,tedlieu,DcORSEginocchio,554
1012888,764244624361652224,68,639,0.8798444260333241,844649731766693888,GovMikeHuckabee,DcORSEginocchio,554
1012888,764244624361652224,68,639,0.8798444260333241,844713185483636739,PrisonPlanet,rrruhoh,554
1012888,764244624361652224,68,639,0.8798444260333241,843582602128703488,CharlieDaniels,DcORSEginocchio,554
1012888,764244624361652224,68,639,0.8798444260333241,844367386903924737,RepStevenSmith,DcORSEginocchio,554
1012888,764244624361652224,68,639,0.8798444260333241,845737220891820032,NewtTrump,rrruhoh,554
1012888,764244624361652224,68,639,0.8798444260333241,845451939470983168,chrislhayes,rrruhoh,554
1012888,764244624361652224,68,639,0.8798444260333241,845402626028068864,RandPaul,rrruhoh,554
1012888,764244624361652224,68,639,0.8798444260333241,845734937957359616,PizzaToDaFace,rrruhoh,554
1012888,764244624361652224,68,639,0.8798444260333241,844750688919830528,PrisonPlanet,rrruhoh,554
1012888,764244624361652224,68,639,0.8798444260333241,845736985771728896,datrumpnation1,rrruhoh,554
1012888,764244624361652224,68,639,0.8798444260333241,844755179249426434,RepFunder,rrruhoh,554
1012888,764244624361652224,68,639,0.8798444260333241,844078990964924416,RealJamesWoods,DcORSEginocchio,554
1012888,764244624361652224,68,639,0.8798444260333241,843259577906814976,FoxNews,DcORSEginocchio,554
1012888,764244624361652224,68,639,0.8798444260333241,845459534642524160,FoxNews,rrruhoh,554
1012888,764244624361652224,68,639,0.8798444260333241,845737865443078144,VP,rrruhoh,554
1012888,764244624361652224,68,639,0.8798444260333241,844803551159173120,seanhannity,rrruhoh,554
1012888,764244624361652224,68,639,0.8798444260333241,844393429673148418,charliekirk11,DcORSEginocchio,554
1012888,764244624361652224,68,639,0.8798444260333241,843679726174580736,truth_pray,DcORSEginocchio,554
1012888,764244624361652224,68,639,0.8798444260333241,845737920480759808,Duffy_1958,rrruhoh,554
1012888,764244624361652224,68,639,0.8798444260333241,845393445023760384,Lrihendry,rrruhoh,554
1012888,764244624361652224,68,639,0.8798444260333241,844808766679793664,mitchellvii,rrruhoh,554
1012888,764244624361652224,68,639,0.8798444260333241,844675405684457472,RealJamesWoods,DcORSEginocchio,554
1012888,764244624361652224,68,639,0.8798444260333241,845731828149305344,loosedrag,rrruhoh,554
1012888,764244624361652224,68,639,0.8798444260333241,845730824687255552,Riela2,rrruhoh,554
1012888,764244624361652224,68,639,0.8798444260333241,844631689141760000,stranahan,DcORSEginocchio,554
1012888,764244624361652224,68,639,0.8798444260333241,844755597274767360,CindyKayHogan1,rrruhoh,554
1012888,764244624361652224,68,639,0.8798444260333241,845026096517038080,LouDobbs,rrruhoh,554
1012888,764244624361652224,68,639,0.8798444260333241,845388222045728768,MikeLevinCA,rrruhoh,554
1012888,764244624361652224,68,639,0.8798444260333241,845399308862025728,KamVTV,rrruhoh,554
1012888,764244624361652224,68,639,0.8798444260333241,844790873128787969,JackPosobiec,rrruhoh,554
1012888,764244624361652224,68,639,0.8798444260333241,844662682254950400,ZaibatsuNews,DcORSEginocchio,554
1012888,764244624361652224,68,639,0.8798444260333241,845389955027251200,asamjulian,rrruhoh,554
1012888,764244624361652224,68,639,0.8798444260333241,845390197621612544,TEN_GOP,rrruhoh,554
1012888,764244624361652224,68,639,0.8798444260333241,843970662255353856,DanScavino,DcORSEginocchio,554
1012888,764244624361652224,68,639,0.8798444260333241,845126843917205506,seanhannity,rrruhoh,554
1012888,764244624361652224,68,639,0.8798444260333241,844810779316539393,AnnCoulter,rrruhoh,554
1012888,764244624361652224,68,639,0.8798444260333241,845388896418476032,AmyMek,rrruhoh,554
1012888,764244624361652224,68,639,0.8798444260333241,844626576150978561,tedlieu,DcORSEginocchio,554
1012888,764244624361652224,68,639,0.8798444260333241,845026031396278272,seanmdav,rrruhoh,554
1012888,764244624361652224,68,639,0.8798444260333241,844305107890032641,GaetaSusan,DcORSEginocchio,554
1012888,764244624361652224,68,639,0.8798444260333241,844755113365291008,dbongino,rrruhoh,554
1012888,764244624361652224,68,639,0.8798444260333241,844754350438150144,Nigel_Farage,rrruhoh,554
1012888,764244624361652224,68,639,0.8798444260333241,845748842549075969,TeamPelosi,rrruhoh,554
1012888,764244624361652224,68,639,0.8798444260333241,845731320466616320,latinaafortrump,rrruhoh,554
1012888,764244624361652224,68,639,0.8798444260333241,844662405607018496,RealJamesWoods,DcORSEginocchio,554
1012888,764244624361652224,68,639,0.8798444260333241,845545180446932992,realDonaldTrump,rrruhoh,554
1012888,764244624361652224,68,639,0.8798444260333241,844753406552031232,FoxNews,rrruhoh,554
1012888,764244624361652224,68,639,0.8798444260333241,845001856430489600,AmyMek,rrruhoh,554
1012888,764244624361652224,68,639,0.8798444260333241,845441159585382400,ApothecaryJeri,rrruhoh,554
1012888,764244624361652224,68,639,0.8798444260333241,845554773302689792,Braveheart_USA,rrruhoh,554
1012888,764244624361652224,68,639,0.8798444260333241,844713555735855107,thehill,rrruhoh,554
1012888,764244624361652224,68,639,0.8798444260333241,845057825587920896,fightfortheftr,rrruhoh,554
1012888,764244624361652224,68,639,0.8798444260333241,844368865828102145,Lrihendry,DcORSEginocchio,554
1012888,764244624361652224,68,639,0.8798444260333241,844769241429520384,RightWingAngel,rrruhoh,554
1012888,764244624361652224,68,639,0.8798444260333241,844397498861015041,RickyVaughnX1,DcORSEginocchio,554
1012888,764244624361652224,68,639,0.8798444260333241,845544046546206720,CassandraRules,rrruhoh,554
1012888,764244624361652224,68,639,0.8798444260333241,844752935149977600,aduanebrown,rrruhoh,554
1012888,764244624361652224,68,639,0.8798444260333241,844008161673539585,DamonDarnell,DcORSEginocchio,554
1012888,764244624361652224,68,639,0.8798444260333241,844357558122954752,MarkDice,DcORSEginocchio,554
1012888,764244624361652224,68,639,0.8798444260333241,844764049002807297,Thomas1774Paine,rrruhoh,554
1012888,764244624361652224,68,639,0.8798444260333241,844321997609852928,FoxNews,DcORSEginocchio,554
1012888,764244624361652224,68,639,0.8798444260333241,845750223783657473,hectorarzula,rrruhoh,554
1012888,764244624361652224,68,639,0.8798444260333241,844790165444837376,Pamela_Moore13,rrruhoh,554
1012888,764244624361652224,68,639,0.8798444260333241,843259734907998208,LouiseMensch,DcORSEginocchio,554
1012888,764244624361652224,68,639,0.8798444260333241,845544724547190784,SheriffClarke,rrruhoh,554
1012888,764244624361652224,68,639,0.8798444260333241,844059160857604096,RealJamesWoods,DcORSEginocchio,554
1012888,764244624361652224,68,639,0.8798444260333241,844790243827970049,JrcheneyJohn,rrruhoh,554
1012888,764244624361652224,68,639,0.8798444260333241,845731218721202176,StephanieDube,rrruhoh,554
1012888,764244624361652224,68,639,0.8798444260333241,845454979150168065,MikeMadden,rrruhoh,554
1012888,764244624361652224,68,639,0.8798444260333241,845122942308511747,RealJamesWoods,rrruhoh,554
1012888,764244624361652224,68,639,0.8798444260333241,844057722546876417,SheriffClarke,DcORSEginocchio,554
1012888,764244624361652224,68,639,0.8798444260333241,843328535901032448,kylegriffin1,DcORSEginocchio,554
1012888,764244624361652224,68,639,0.8798444260333241,844616470130712576,SheriffClarke,DcORSEginocchio,554
1012888,764244624361652224,68,639,0.8798444260333241,844077257819750400,wikileaks,DcORSEginocchio,554
1012888,764244624361652224,68,639,0.8798444260333241,844714543372816384,LouDobbs,rrruhoh,554
1012888,764244624361652224,68,639,0.8798444260333241,844692926311481344,seanhannity,rrruhoh,554
1012888,764244624361652224,68,639,0.8798444260333241,844801340740009986,KurtSchlichter,rrruhoh,554
1012888,764244624361652224,68,639,0.8798444260333241,844803326122213376,ArthurSchwartz,rrruhoh,554
1012888,764244624361652224,68,639,0.8798444260333241,845416160434663424,NewtTrump,rrruhoh,554
1012888,764244624361652224,68,639,0.8798444260333241,844995041076559873,PrisonPlanet,rrruhoh,554
1012888,764244624361652224,68,639,0.8798444260333241,844687176344350720,JoshNoneYaBiz,DcORSEginocchio,554
1012888,764244624361652224,68,639,0.8798444260333241,844675642222272513,LadyAodh,DcORSEginocchio,554
1012888,764244624361652224,68,639,0.8798444260333241,843984946934902785,TEN_GOP,DcORSEginocchio,554
1012888,764244624361652224,68,639,0.8798444260333241,843980378775805953,LeahR77,DcORSEginocchio,554
1012888,764244624361652224,68,639,0.8798444260333241,844802300245790720,StockMonsterUSA,rrruhoh,554
1012888,764244624361652224,68,639,0.8798444260333241,843980438624382976,mflynnJR,DcORSEginocchio,554
1012888,764244624361652224,68,639,0.8798444260333241,844727360586858496,MarkDice,rrruhoh,554
1012888,764244624361652224,68,639,0.8798444260333241,845026495361773568,AmyMek,rrruhoh,554
1012888,764244624361652224,68,639,0.8798444260333241,844058254082678784,FoxBusiness,DcORSEginocchio,554
1012888,764244624361652224,68,639,0.8798444260333241,844726432349634560,KimDotcom,rrruhoh,554
1012888,764244624361652224,68,639,0.8798444260333241,845544869560967168,SheriffClarke,rrruhoh,554
1012888,764244624361652224,68,639,0.8798444260333241,843667486713159680,DcORSEginocchio,DcORSEginocchio,554
1012888,764244624361652224,68,639,0.8798444260333241,845033733493145600,TRobinsonNewEra,rrruhoh,554
1012888,764244624361652224,68,639,0.8798444260333241,845752421510930432,SlizewskiEdwar1,rrruhoh,554
1012888,764244624361652224,68,639,0.8798444260333241,845736395188551680,HarperLeesHair,rrruhoh,554
1012888,764244624361652224,68,639,0.8798444260333241,845737675629850624,Breaking911,rrruhoh,554
1012888,764244624361652224,68,639,0.8798444260333241,845751701130788864,steph93065,rrruhoh,554
1012888,764244624361652224,68,639,0.8798444260333241,844056261142315008,_Makada_,DcORSEginocchio,554
1012888,764244624361652224,68,639,0.8798444260333241,845026164208914432,MarkDice,rrruhoh,554
1012888,764244624361652224,68,639,0.8798444260333241,844693606086586368,TuckerCarlson,rrruhoh,554
1012888,764244624361652224,68,639,0.8798444260333241,844689187366318081,DBloom451,rrruhoh,554
1012888,764244624361652224,68,639,0.8798444260333241,844347925077491713,michellemalkin,DcORSEginocchio,554
1012888,764244624361652224,68,639,0.8798444260333241,845732153346338816,marthamatical,rrruhoh,554
1012888,764244624361652224,68,639,0.8798444260333241,844394831526969344,POTUS,DcORSEginocchio,554
1012888,764244624361652224,68,639,0.8798444260333241,844396158155939840,VP,DcORSEginocchio,554
1012888,764244624361652224,68,639,0.8798444260333241,845543788080594944,JackPosobiec,rrruhoh,554
1012888,764244624361652224,68,639,0.8798444260333241,844393243446050825,bakedalaska,DcORSEginocchio,554
1012888,764244624361652224,68,639,0.8798444260333241,844627787088506880,tedlieu,DcORSEginocchio,554
1012888,764244624361652224,68,639,0.8798444260333241,845731482962317312,LittleRhody9,rrruhoh,554
1012888,764244624361652224,68,639,0.8798444260333241,845108933307973633,scandalfthtgawm,rrruhoh,554
1012888,764244624361652224,68,639,0.8798444260333241,844616655216885760,charliekirk11,DcORSEginocchio,554
1012888,764244624361652224,68,639,0.8798444260333241,845090491834089475,vasego1,rrruhoh,554
1012888,764244624361652224,68,639,0.8798444260333241,844393025828782080,bfraser747,DcORSEginocchio,554
1012888,764244624361652224,68,639,0.8798444260333241,844057958338113536,horowitz39,DcORSEginocchio,554
1012888,764244624361652224,68,639,0.8798444260333241,844726681667452929,StefanMolyneux,rrruhoh,554
1012888,764244624361652224,68,639,0.8798444260333241,844748934085992449,RapinBill,rrruhoh,554
1012888,764244624361652224,68,639,0.8798444260333241,845731102484455424,annejon03500536,rrruhoh,554
1012888,764244624361652224,68,639,0.8798444260333241,844052586197999616,RealJamesWoods,DcORSEginocchio,554
1012888,764244624361652224,68,639,0.8798444260333241,844369853548904448,thehill,DcORSEginocchio,554
1012888,764244624361652224,68,639,0.8798444260333241,844338763044052992,EricTrump,DcORSEginocchio,554
1012888,764244624361652224,68,639,0.8798444260333241,844061211192786944,realDonaldTrump,DcORSEginocchio,554
1012888,764244624361652224,68,639,0.8798444260333241,844350873870393344,FoxNews,DcORSEginocchio,554
1012888,764244624361652224,68,639,0.8798444260333241,843259621313675264,FoxNews,DcORSEginocchio,554
1012888,764244624361652224,68,639,0.8798444260333241,845090154045845504,Stevenwhirsch99,rrruhoh,554
1012888,764244624361652224,68,639,0.8798444260333241,844366642884751360,HurdOnTheHill,DcORSEginocchio,554
1012888,764244624361652224,68,639,0.8798444260333241,844691063461707777,RepAdamSchiff,rrruhoh,554
1012888,764244624361652224,68,639,0.8798444260333241,844675724246102016,MissLizzyNJ,DcORSEginocchio,554
1012888,764244624361652224,68,639,0.8798444260333241,845731021400109056,immigrant_legal,rrruhoh,554
1012888,764244624361652224,68,639,0.8798444260333241,845770543798206465,bjorkianrice,rrruhoh,554
1012888,764244624361652224,68,639,0.8798444260333241,844397331130781696,stevevsninjas,DcORSEginocchio,554
1012888,764244624361652224,68,639,0.8798444260333241,844976673627881472,PrisonPlanet,rrruhoh,554
1012888,764244624361652224,68,639,0.8798444260333241,844778580533903360,Pamela_Moore13,rrruhoh,554
1012888,764244624361652224,68,639,0.8798444260333241,844802949725413380,FoxNews,rrruhoh,554
1012888,764244624361652224,68,639,0.8798444260333241,845090119606386688,AmyMek,rrruhoh,554
1012888,764244624361652224,68,639,0.8798444260333241,843608032743309313,bfraser747,DcORSEginocchio,554
1012888,764244624361652224,68,639,0.8798444260333241,845390385518067712,YoungDems4Trump,rrruhoh,554
1012888,764244624361652224,68,639,0.8798444260333241,845734227056324608,hectorarzula,rrruhoh,554
1012888,764244624361652224,68,639,0.8798444260333241,845731510481145856,benbrazilpilot,rrruhoh,554
1012888,764244624361652224,68,639,0.8798444260333241,845098343147581440,FoxNews,rrruhoh,554
1012888,764244624361652224,68,639,0.8798444260333241,844057668998189056,NewtTrump,DcORSEginocchio,554
1012888,764244624361652224,68,639,0.8798444260333241,844803681828532224,seanhannity,rrruhoh,554
1012888,764244624361652224,68,639,0.8798444260333241,845098825438060544,BenjaminNorton,rrruhoh,554
1012888,764244624361652224,68,639,0.8798444260333241,843305277780762624,DcORSEginocchio,DcORSEginocchio,554
1012888,764244624361652224,68,639,0.8798444260333241,844338201686818817,FoxNews,DcORSEginocchio,554
1012888,764244624361652224,68,639,0.8798444260333241,843328142559268864,NormEisen,DcORSEginocchio,554
1012888,764244624361652224,68,639,0.8798444260333241,844339776908025857,seanhannity,DcORSEginocchio,554
1012888,764244624361652224,68,639,0.8798444260333241,844693300040744960,DailyCaller,rrruhoh,554
1012888,764244624361652224,68,639,0.8798444260333241,844995171393536000,Alyssafarah,rrruhoh,554
1012888,764244624361652224,68,639,0.8798444260333241,844809665833721856,Anncostanza1,rrruhoh,554
1012888,764244624361652224,68,639,0.8798444260333241,844733322647416833,TEN_GOP,rrruhoh,554
1012888,764244624361652224,68,639,0.8798444260333241,844348211812679680,seanhannity,DcORSEginocchio,554
1012888,764244624361652224,68,639,0.8798444260333241,844749991784558592,DiamondandSilk,rrruhoh,554
1012888,764244624361652224,68,639,0.8798444260333241,845033905572929536,TEN_GOP,rrruhoh,554
1012888,764244624361652224,68,639,0.8798444260333241,845544979338424320,PrisonPlanet,rrruhoh,554
1012888,764244624361652224,68,639,0.8798444260333241,844801278974701569,RealJamesWoods,rrruhoh,554
1012888,764244624361652224,68,639,0.8798444260333241,845163949871906816,GiveMeInternet,rrruhoh,554
1012888,764244624361652224,68,639,0.8798444260333241,845736159019917312,redpillmen,rrruhoh,554
1012888,764244624361652224,68,639,0.8798444260333241,844802567926267904,asamjulian,rrruhoh,554
1012888,764244624361652224,68,639,0.8798444260333241,844803808395837442,larryelder,rrruhoh,554
1012888,764244624361652224,68,639,0.8798444260333241,845554269579206656,CraigRSawyer,rrruhoh,554
1012888,764244624361652224,68,639,0.8798444260333241,844645210806116352,thehill,DcORSEginocchio,554
1012888,764244624361652224,68,639,0.8798444260333241,844057424617127936,wikileaks,DcORSEginocchio,554
1012888,764244624361652224,68,639,0.8798444260333241,844750517544792068,cristinalaila1,rrruhoh,554
1012888,764244624361652224,68,639,0.8798444260333241,845734189357948928,AndrewSmithNews,rrruhoh,554
1012888,764244624361652224,68,639,0.8798444260333241,845739762375782400,immigrant4trump,rrruhoh,554
1012888,764244624361652224,68,639,0.8798444260333241,844057588736057344,ChristiChat,DcORSEginocchio,554
1012888,764244624361652224,68,639,0.8798444260333241,844735982352064513,T_S_P_O_O_K_Y,rrruhoh,554
1012888,764244624361652224,68,639,0.8798444260333241,845025999402106880,AP,rrruhoh,554
1012888,764244624361652224,68,639,0.8798444260333241,844716379970437121,oreillyfactor,rrruhoh,554
1012888,764244624361652224,68,639,0.8798444260333241,844688356608897024,Patrici15767099,rrruhoh,554
1012888,764244624361652224,68,639,0.8798444260333241,844075322278473728,bfraser747,DcORSEginocchio,554
1012888,764244624361652224,68,639,0.8798444260333241,845545117800837120,realDonaldTrump,rrruhoh,554
1012888,764244624361652224,68,639,0.8798444260333241,844769905073283073,asamjulian,rrruhoh,554
1012888,764244624361652224,68,639,0.8798444260333241,845738828333666304,IJCFilm,rrruhoh,554
1012888,764244624361652224,68,639,0.8798444260333241,845750683336781824,UKopencall,rrruhoh,554
1012888,764244624361652224,68,639,0.8798444260333241,844075521386278912,wikileaks,DcORSEginocchio,554
1012888,764244624361652224,68,639,0.8798444260333241,845739585724309504,GayPatriot,rrruhoh,554
1012888,764244624361652224,68,639,0.8798444260333241,843582371186192384,RealJamesWoods,DcORSEginocchio,554
1012888,764244624361652224,68,639,0.8798444260333241,845731738445754368,IJCFilm,rrruhoh,554
1012888,764244624361652224,68,639,0.8798444260333241,844321909630119936,FoxNews,DcORSEginocchio,554
1012888,764244624361652224,68,639,0.8798444260333241,845736729621413888,CassandraRules,rrruhoh,554
1012888,764244624361652224,68,639,0.8798444260333241,844398221728387072,pastormarkburns,DcORSEginocchio,554
1012888,764244624361652224,68,639,0.8798444260333241,844802755139055617,AmyMek,rrruhoh,554
1012888,764244624361652224,68,639,0.8798444260333241,843607526121730049,WhiteHouse,DcORSEginocchio,554
1012888,764244624361652224,68,639,0.8798444260333241,844678992724574212,thehill,DcORSEginocchio,554
1012888,764244624361652224,68,639,0.8798444260333241,845108476581859328,KazeSkyz,rrruhoh,554
1012888,764244624361652224,68,639,0.8798444260333241,845731794016059392,MaineFirstMedia,rrruhoh,554
1012888,764244624361652224,68,639,0.8798444260333241,844800697501597696,DefendEvropa,rrruhoh,554
1012888,764244624361652224,68,639,0.8798444260333241,844799915351949313,FoxNews,rrruhoh,554
1012888,764244624361652224,68,639,0.8798444260333241,844763323904122881,cindys_2cents,rrruhoh,554
1012888,764244624361652224,68,639,0.8798444260333241,844737072942362624,StefanMolyneux,rrruhoh,554
1012888,764244624361652224,68,639,0.8798444260333241,845731430302855168,PRsH0mbr3,rrruhoh,554
1012888,764244624361652224,68,639,0.8798444260333241,843583094741319680,FoxNews,DcORSEginocchio,554
1012888,764244624361652224,68,639,0.8798444260333241,844767561224925184,LindaSuhler,rrruhoh,554
1012888,764244624361652224,68,639,0.8798444260333241,845465458979438592,TheMarkRomano,rrruhoh,554
1012888,764244624361652224,68,639,0.8798444260333241,845553625195700224,correctthemedia,rrruhoh,554
1012888,764244624361652224,68,639,0.8798444260333241,845397077341302784,charliekirk11,rrruhoh,554
1012888,764244624361652224,68,639,0.8798444260333241,844750936761257986,Patriot_Drew,rrruhoh,554
1012888,764244624361652224,68,639,0.8798444260333241,844676771584757760,hrtablaze,DcORSEginocchio,554
1012888,764244624361652224,68,639,0.8798444260333241,845084229411098628,mitchellvii,rrruhoh,554
1012888,764244624361652224,68,639,0.8798444260333241,845737803849752576,NewtTrump,rrruhoh,554
1012888,764244624361652224,68,639,0.8798444260333241,845086792084705281,rrruhoh,rrruhoh,554
1012888,764244624361652224,68,639,0.8798444260333241,845440548273979392,RanttNews,rrruhoh,554
1012888,764244624361652224,68,639,0.8798444260333241,844630913254252544,tedlieu,DcORSEginocchio,554
1012888,764244624361652224,68,639,0.8798444260333241,844688877134655488,NolteNC,rrruhoh,554
1012888,764244624361652224,68,639,0.8798444260333241,845543478054420481,Stevenwhirsch99,rrruhoh,554
1012888,764244624361652224,68,639,0.8798444260333241,844682447786717184,RepFunder,DcORSEginocchio,554
1012888,764244624361652224,68,639,0.8798444260333241,844359728801071104,MaxineWaters,DcORSEginocchio,554
1012888,764244624361652224,68,639,0.8798444260333241,845032614914408449,JBurtonXP,rrruhoh,554
1012888,764244624361652224,68,639,0.8798444260333241,844396754602803201,FoxNews,DcORSEginocchio,554
1012888,764244624361652224,68,639,0.8798444260333241,844802519150690308,TEN_GOP,rrruhoh,554
1012888,764244624361652224,68,639,0.8798444260333241,843970584509792256,AP,DcORSEginocchio,554
1012888,764244624361652224,68,639,0.8798444260333241,844350906032304128,FoxNews,DcORSEginocchio,554
1012888,764244624361652224,68,639,0.8798444260333241,844683377731022849,CNN,DcORSEginocchio,554
1012888,764244624361652224,68,639,0.8798444260333241,846086850477404160,MeetThePress,rrruhoh,554
1012888,764244624361652224,68,639,0.8798444260333241,844350982662238208,FoxNews,DcORSEginocchio,554
1012888,764244624361652224,68,639,0.8798444260333241,845734305129099264,JoshuaKaufman18,rrruhoh,554
1012888,764244624361652224,68,639,0.8798444260333241,845751995449290752,AndrewSmithNews,rrruhoh,554
1012888,764244624361652224,68,639,0.8798444260333241,845737096149008384,Markettrends007,rrruhoh,554
1012888,764244624361652224,68,639,0.8798444260333241,844393555695190016,KORANISBURNING,DcORSEginocchio,554
1012888,764244624361652224,68,639,0.8798444260333241,844684989065191424,mitchellvii,DcORSEginocchio,554
1012888,764244624361652224,68,639,0.8798444260333241,844676656782487552,PoeniPacem,DcORSEginocchio,554
1012888,764244624361652224,68,639,0.8798444260333241,845090081631223808,ChanelRion,rrruhoh,554
1012888,764244624361652224,68,639,0.8798444260333241,844688271099670528,LouDobbs,rrruhoh,554
1012888,764244624361652224,68,639,0.8798444260333241,845390031216783360,AmyMek,rrruhoh,554
1012888,764244624361652224,68,639,0.8798444260333241,844802357946830848,KazmierskiR,rrruhoh,554
1012888,764244624361652224,68,639,0.8798444260333241,843607436263006208,V_of_Europe,DcORSEginocchio,554
1012888,764244624361652224,68,639,0.8798444260333241,844348396030779392,mitchellvii,DcORSEginocchio,554
1012888,764244624361652224,68,639,0.8798444260333241,844320889315344384,newtgingrich,DcORSEginocchio,554
1012888,764244624361652224,68,639,0.8798444260333241,844018299079864320,DanScavino,DcORSEginocchio,554
1012888,764244624361652224,68,639,0.8798444260333241,845730664297082880,R0bynAnn,rrruhoh,554
1012888,764244624361652224,68,639,0.8798444260333241,844081872707571713,HAGOODMANAUTHOR,DcORSEginocchio,554
1012888,764244624361652224,68,639,0.8798444260333241,845415381007187969,mitchellvii,rrruhoh,554
1012888,764244624361652224,68,639,0.8798444260333241,844801373199724544,RealJamesWoods,rrruhoh,554
1012888,764244624361652224,68,639,0.8798444260333241,845090337999642624,GigiTracyXO,rrruhoh,554
1012888,764244624361652224,68,639,0.8798444260333241,845415259452010497,willthethinker,rrruhoh,554
1012888,764244624361652224,68,639,0.8798444260333241,843256229740793856,VeepHBO,DcORSEginocchio,554
1012888,764244624361652224,68,639,0.8798444260333241,843980343921192960,POTUS,DcORSEginocchio,554
1012888,764244624361652224,68,639,0.8798444260333241,844398150370709504,JackPosobiec,DcORSEginocchio,554
1012888,764244624361652224,68,639,0.8798444260333241,844755353283674114,TomFitton,rrruhoh,554
1012888,764244624361652224,68,639,0.8798444260333241,844803654301331456,seanhannity,rrruhoh,554
1012888,764244624361652224,68,639,0.8798444260333241,845042519737958400,NinjaEconomics,rrruhoh,554
1012888,764244624361652224,68,639,0.8798444260333241,845543961234096129,mitchellvii,rrruhoh,554
1012888,764244624361652224,68,639,0.8798444260333241,844061164912824320,realDonaldTrump,DcORSEginocchio,554
1012888,764244624361652224,68,639,0.8798444260333241,844338548379574272,asamjulian,DcORSEginocchio,554
1012888,764244624361652224,68,639,0.8798444260333241,844396434808078338,FoxNews,DcORSEginocchio,554
1012888,764244624361652224,68,639,0.8798444260333241,845739621963067393,JordyAri,rrruhoh,554
1012888,764244624361652224,68,639,0.8798444260333241,844077138802171904,SHSanders45,DcORSEginocchio,554
1012888,764244624361652224,68,639,0.8798444260333241,845003525138526208,tteegar,rrruhoh,554
1012888,764244624361652224,68,639,0.8798444260333241,845003059801419776,PrisonPlanet,rrruhoh,554
1012888,764244624361652224,68,639,0.8798444260333241,843328455567536128,kylegriffin1,DcORSEginocchio,554
1012888,764244624361652224,68,639,0.8798444260333241,844810910036217856,AnnCoulter,rrruhoh,554
1012888,764244624361652224,68,639,0.8798444260333241,844368081719742464,TEN_GOP,DcORSEginocchio,554
1012888,764244624361652224,68,639,0.8798444260333241,844650022868180992,WayneDupreeShow,DcORSEginocchio,554
1012888,764244624361652224,68,639,0.8798444260333241,844350462618824704,AmyMek,DcORSEginocchio,554
1012888,764244624361652224,68,639,0.8798444260333241,844057780415737856,NewtTrump,DcORSEginocchio,554
1012888,764244624361652224,68,639,0.8798444260333241,844347636446457859,FranSeenWrites,DcORSEginocchio,554
1012888,764244624361652224,68,639,0.8798444260333241,845736518811496448,IJCFilm,rrruhoh,554
1012888,764244624361652224,68,639,0.8798444260333241,844791064527458304,mitchellvii,rrruhoh,554
1012888,764244624361652224,68,639,0.8798444260333241,844305762486648832,jojoh888,DcORSEginocchio,554
1012888,764244624361652224,68,639,0.8798444260333241,845752694081937408,MightyBusterBro,rrruhoh,554
1012888,764244624361652224,68,639,0.8798444260333241,844074274176421888,Chet_Cannon,DcORSEginocchio,554
1012888,764244624361652224,68,639,0.8798444260333241,844757552235622400,HAGOODMANAUTHOR,rrruhoh,554
1012888,764244624361652224,68,639,0.8798444260333241,844396537660817410,StockMonsterUSA,DcORSEginocchio,554
1012888,764244624361652224,68,639,0.8798444260333241,845738963855785984,CPR_Andrew,rrruhoh,554
1012888,764244624361652224,68,639,0.8798444260333241,845545078336606208,realDonaldTrump,rrruhoh,554
1012888,764244624361652224,68,639,0.8798444260333241,844750351832039425,KamVTV,rrruhoh,554
1012888,764244624361652224,68,639,0.8798444260333241,845123143102443521,charliekirk11,rrruhoh,554
1012888,764244624361652224,68,639,0.8798444260333241,844763943633485824,NewtTrump,rrruhoh,554
1012888,764244624361652224,68,639,0.8798444260333241,844648801499471872,AmyMek,DcORSEginocchio,554
1012888,764244624361652224,68,639,0.8798444260333241,844752185514639361,Missy_America,rrruhoh,554
1012888,764244624361652224,68,639,0.8798444260333241,844722783720374272,FoxNews,rrruhoh,554
1012888,764244624361652224,68,639,0.8798444260333241,843699364107231232,MissLizzyNJ,DcORSEginocchio,554
1012888,764244624361652224,68,639,0.8798444260333241,845392591659053056,RVAwonk,rrruhoh,554
1012888,764244624361652224,68,639,0.8798444260333241,845025095860940800,JackPosobiec,rrruhoh,554
1012888,764244624361652224,68,639,0.8798444260333241,844061239516979200,realDonaldTrump,DcORSEginocchio,554
1012888,764244624361652224,68,639,0.8798444260333241,844306225307107328,chuckwoolery,DcORSEginocchio,554
1012888,764244624361652224,68,639,0.8798444260333241,845545249040547840,realDonaldTrump,rrruhoh,554
1012888,764244624361652224,68,639,0.8798444260333241,846087169412280320,MeetThePress,rrruhoh,554
1012888,764244624361652224,68,639,0.8798444260333241,844052491951984640,AmyMek,DcORSEginocchio,554
1012888,764244624361652224,68,639,0.8798444260333241,845404168957276161,TEN_GOP,rrruhoh,554
1012888,764244624361652224,68,639,0.8798444260333241,845739400206041088,ARnews1936,rrruhoh,554
1012888,764244624361652224,68,639,0.8798444260333241,845731277625970688,defanddum,rrruhoh,554
1012888,764244624361652224,68,639,0.8798444260333241,844989288127221760,mtaibbi,rrruhoh,554
1012888,764244624361652224,68,639,0.8798444260333241,844713326844280832,RealJack,rrruhoh,554
1012888,764244624361652224,68,639,0.8798444260333241,844350740567023617,POTUS,DcORSEginocchio,554
1012888,764244624361652224,68,639,0.8798444260333241,845736869618839552,ANOMALY1,rrruhoh,554
1012888,764244624361652224,68,639,0.8798444260333241,844679271847084032,TEN_GOP,DcORSEginocchio,554
1012888,764244624361652224,68,639,0.8798444260333241,845056959296417792,Deplorable80210,rrruhoh,554
1012888,764244624361652224,68,639,0.8798444260333241,844757379434463232,gatewaypundit,rrruhoh,554
1012888,764244624361652224,68,639,0.8798444260333241,845749348184944640,bocavista2016,rrruhoh,554
1012888,764244624361652224,68,639,0.8798444260333241,845544816100311040,POTUS,rrruhoh,554
1012888,764244624361652224,68,639,0.8798444260333241,844058190836715520,foxandfriends,DcORSEginocchio,554
1012888,764244624361652224,68,639,0.8798444260333241,844057023624880129,VickyBrush,DcORSEginocchio,554
1012888,764244624361652224,68,639,0.8798444260333241,844657933929504768,ItIzBiz,DcORSEginocchio,554
1012888,764244624361652224,68,639,0.8798444260333241,845454118965542912,chrislhayes,rrruhoh,554
1012888,764244624361652224,68,639,0.8798444260333241,845737453851836416,The_JBS,rrruhoh,554
1012888,764244624361652224,68,639,0.8798444260333241,845415747664805888,JackPosobiec,rrruhoh,554
1012888,764244624361652224,68,639,0.8798444260333241,844678359028158465,PrisonPlanet,DcORSEginocchio,554
1012888,764244624361652224,68,639,0.8798444260333241,845736809556406272,kencampbell66,rrruhoh,554
1012888,764244624361652224,68,639,0.8798444260333241,845001586787008512,ScottAdamsSays,rrruhoh,554
1012888,822539767,68,639,0.8798444260333241,840352425714286592,sluggoD54,BobElectrician,5
1012888,822539767,68,639,0.8798444260333241,840361910784708608,AltWhiteHouse17,BobElectrician,5
1012888,822539767,68,639,0.8798444260333241,840722578121621506,skrymir42,BobElectrician,5
1012888,822539767,68,639,0.8798444260333241,840437914521763840,McCroryWatch,BobElectrician,5
1012888,822539767,68,639,0.8798444260333241,840359258306822145,scurtis2020,BobElectrician,5
